57653
57650
57653
57656
57652
57649
57652
57653
57650
57647
57650
57653
57650
57647
57650
57653
57650
57647
57650
57653
57650
57647
57650
57655
57651
57648
57651
57656
57652
57649
57652
57657
57657
57653
57658
57662
57664
57659
57661
57665
57666
57661
57663
57666
57667
57666
57667
57670
57671
57669
57670
57673
57675
57669
57670
57673
57675
57669
57670
57673
57675
57675
57675
57677
57679
57672
57672
57674
57676
57670
57665
57668
57669
57662
57658
57654
57651
57642
57632
57623
57615
57604
57591
57579
57569
57552
57537
57512
57498
57480
57458
57439
57428
57411
57390
57379
57370
57362
57353
57347
57348
57343
57336
57332
57329
57324
57314
57311
57310
57301
57290
57280
57275
57263
57252
57243
57239
57231
57220
57213
57197
57191
57181
57173
57166
57151
57134
57119
57108
57093
57076
57061
57052
57040
57025
57012
57005
56995
56984
56974
56967
56959
56946
56933
56924
56914
56895
56874
56856
56836
56813
56793
56775
56757
56736
56715
56701
56689
56674
56657
56648
56638
56625
56612
56603
56595
56580
56567
56555
56553
56543
56530
56523
56521
56515
56490
56488
56486
56484
56479
56474
56474
56470
56462
56459
56457
56451
56442
56430
56411
56383
56342
56294
56244
56185
56121
56059
55999
55930
55852
55766
55676
55576
55460
55347
55232
55123
55012
54913
54832
54755
54678
54606
54543
54480
54413
54351
54296
54248
54202
54162
54139
54127
54116
54103
54093
54079
54058
54036
54017
53996
53960
53890
53811
53700
53547
53353
53131
52905
52675
52462
52273
52102
51944
51798
51662
51533
51398
51260
51128
51004
50884
50767
50652
50540
50418
50287
50148
50000
49833
49647
49450
49246
49029
48803
48584
48376
48168
47964
47769
47583
47394
47199
46988
46763
46528
46295
46079
45882
45694
45511
45337
45173
45009
44842
44680
44522
44368
44217
44085
43977
43883
43788
43699
43615
43522
43421
43314
43195
43064
42920
42766
42615
42463
42306
42149
41991
41825
41648
41469
41296
41135
40980
40836
40710
40592
40479
40366
40257
40148
40032
39915
39804
39695
39582
39469
39368
39278
39193
39119
39056
39001
38951
38901
38859
38816
38767
38704
38637
38568
38486
38398
38311
38231
38151
38069
37995
37928
37858
37786
37713
37650
37586
37522
37466
37417
37371
37326
37287
37261
37244
37225
37215
37214
37217
37220
37222
37228
37231
37224
37210
37193
37171
37151
37126
37112
37108
37112
37132
37177
37249
37352
37486
37655
37859
38113
38404
38738
39103
39488
39891
40313
40749
41194
41654
42130
42627
43120
43605
44077
44528
44939
45309
45640
45942
46212
46446
46665
46875
47079
47281
47486
47703
47915
48113
48298
48474
48626
48759
48875
48981
49077
49161
49239
49327
49420
49516
49614
49719
49827
49928
50022
50116
50203
50283
50361
50443
50525
50596
50667
50743
50815
50878
50933
50991
51044
51091
51132
51176
51218
51251
51280
51311
51342
51367
51387
51411
51436
51458
51473
51496
51518
51537
51552
51573
51595
51613
51628
51648
51671
51691
51709
51734
51766
51798
51830
51862
51902
51951
51996
52044
52102
52164
52231
52303
52380
52466
52543
52634
52736
52843
52953
53069
53199
53334
53462
53594
53726
53853
53973
54086
54196
54305
54406
54500
54601
54703
54796
54890
54988
55090
55191
55295
55402
55516
55624
55726
55831
55935
56026
56114
56199
56287
56366
56439
56515
56590
56655
56718
56779
56841
56895
56938
56984
57030
57071
57106
57139
57174
57205
57226
57250
57273
57297
57314
57329
57346
57361
57374
57386
57400
57412
57419
57425
57434
57446
57453
57459
57468
57478
57485
57487
57496
57504
57507
57510
57517
57523
57528
57528
57532
57536
57539
57540
57543
57545
57547
57547
57549
57551
57552
57551
57552
57557
57558
57555
57556
57561
57561
57559
57559
57559
57559
57557
57558
57559
57559
57559
57559
57563
57561
57561
57561
57565
57565
57565
57565
57565
57565
57565
57565
57571
57574
57573
57572
57577
57581
57579
57577
57581
57587
57588
57585
57590
57595
57597
57599
57602
57605
57614
57612
57614
57616
57615
57612
57614
57616
57615
57612
57614
57620
57619
57612
57614
57616
57615
57608
57610
57612
57612
57612
57614
57616
57615
57612
57610
57612
57620
57617
57616
57617
57618
57615
57616
57621
57622
57623
57619
57624
57624
57624
57624
57624
57624
57624
57624
57628
57628
57628
57626
57632
57635
57634
57631
57630
57630
57630
57628
57628
57628
57628
57626
57626
57626
57626
57624
57624
57624
57622
57621
57622
57623
57623
57621
57622
57623
57623
57619
57620
57621
57622
57619
57620
57625
57625
57621
57622
57623
57623
57619
57620
57625
57625
57623
57623
57623
57623
57621
57622
57627
57627
57623
57621
57622
57623
57619
57618
57619
57620
57621
57622
57623
57623
57621
57620
57621
57622
57619
57616
57617
57618
57619
57618
57619
57620
57627
57625
57625
57625
57623
57623
57623
57623
57621
57620
57621
57622
57621
57618
57619
57620
57621
57618
57619
57620
57621
57618
57619
57620
57621
57620
57621
57626
57626
57624
57624
57624
57624
57622
57623
57623
57623
57621
57622
57623
57623
57621
57618
57619
57620
57619
57620
57621
57622
57621
57620
57621
57622
57619
57616
57617
57618
57617
57616
57617
57618
57617
57618
57619
57620
57619
57616
57619
57620
57621
57620
57621
57622
57621
57618
57619
57620
57621
57620
57621
57622
57623
57619
57620
57621
57622
57621
57622
57623
57623
57619
57620
57621
57622
57619
57620
57621
57622
57619
57620
57621
57622
57621
57622
57627
57627
57623
57621
57626
57626
57622
57621
57622
57623
57619
57616
57617
57618
57615
57614
57616
57617
57616
57615
57616
57617
57616
57615
57616
57617
57618
57617
57618
57619
57618
57617
57620
57621
57620
57617
57618
57619
57620
57613
57615
57616
57617
57618
57619
57620
57621
57614
57616
57617
57618
57617
57618
57619
57620
57613
57615
57616
57617
57614
57614
57616
57617
57614
57614
57616
57617
57614
57616
57617
57618
57615
57614
57616
57617
57614
57614
57616
57617
57616
57615
57616
57617
57618
57615
57616
57617
57616
57613
57615
57614
57618
57611
57613
57615
57612
57610
57612
57614
57614
57612
57614
57616
57617
57610
57612
57614
57616
57613
57615
57616
57617
57610
57612
57614
57616
57613
57615
57616
57617
57614
57614
57616
57617
57614
57614
57616
57617
57614
57614
57622
57623
57619
57618
57619
57618
57615
57612
57614
57616
57613
57611
57613
57615
57608
57608
57610
57612
57610
57608
57610
57612
57610
57608