57597
57597
57593
57595
57599
57598
57594
57594
57598
57598
57594
57596
57600
57601
57598
57604
57607
57617
57610
57608
57610
57610
57604
57605
57608
57608
57602
57601
57602
57605
57600
57595
57599
57600
57599
57598
57602
57603
57598
57594
57598
57602
57601
57596
57600
57603
57598
57594
57596
57600
57599
57594
57598
57602
57597
57593
57597
57601
57602
57597
57599
57602
57601
57598
57600
57603
57604
57599
57600
57603
57604
57599
57600
57603
57602
57597
57599
57602
57603
57598
57598
57602
57603
57598
57598
57602
57603
57598
57600
57603
57606
57601
57596
57598
57600
57595
57593
57597
57599
57594
57590
57595
57599
57594
57592
57596
57598
57598
57594
57596
57600
57595
57591
57593
57597
57597
57593
57597
57601
57600
57595
57597
57601
57600
57595
57597
57601
57600
57595
57597
57601
57600
57595
57597
57601
57602
57597
57599
57602
57601
57596
57598
57608
57608
57602
57601
57604
57605
57600
57599
57602
57603
57598
57594
57598
57600
57595
57595
57599
57602
57597
57593
57597
57599
57594
57594
57598
57600
57597
57593
57597
57601
57596
57592
57596
57600
57595
57591
57593
57597
57593
57589
57592
57596
57590
57587
57590
57595
57593
57589
57592
57596
57596
57592
57594
57598
57598
57594
57594
57598
57598
57594
57596
57600
57601
57596
57598
57602
57601
57596
57598
57602
57601
57596
57596
57600
57601
57596
57596
57600
57603
57598
57594
57598
57600
57595
57595
57599
57602
57597
57595
57599
57600
57595
57595
57597
57599
57594
57590
57595
57599
57594
57590
57593
57595
57593
57589
57592
57596
57588
57585
57588
57593
57589
57586
57589
57594
57594
57590
57591
57595
57593
57589
57592
57596
57596
57592
57594
57598
57598
57594
57596
57600
57599
57594
57596
57600
57601
57596
57598
57602
57603
57598
57600
57603
57604
57599
57598
57602
57603
57598
57598
57602
57603
57598
57594
57596
57600
57595
57595
57599
57602
57597
57597
57601
57602
57597
57593
57595
57599
57594
57590
57595
57599
57594
57590
57593
57597
57593
57593
57597
57601
57600
57595
57597
57601
57600
57595
57597
57601
57602
57597
57599
57602
57601
57596
57596
57600
57599
57594
57596
57600
57609
57603
57602
57605
57606
57601
57600
57603
57604
57595
57597
57601
57602
57597
57599
57602
57603
57598
57598
57602
57603
57598
57598
57602
57605
57600
57597
57601
57602
57597
57599
57602
57605
57600
57595
57599
57602
57597
57593
57597
57601
57596
57592
57596
57600
57595
57591
57593
57597
57597
57593
57595
57599
57594
57590
57595
57599
57598
57594
57596
57600
57599
57594
57596
57600
57601
57596
57598
57602
57605
57600
57601
57604
57605
57600
57599
57602
57603
57598
57598
57602
57601
57596
57596
57600
57599
57594
57594
57598
57600
57595
57595
57599
57602
57597
57593
57597
57601
57596
57592
57596
57598
57594
57592
57594
57598
57594
57590
57595
57599
57598
57594
57596
57600
57595
57591
57593
57597
57593
57589
57592
57596
57596
57592
57594
57598
57598
57594
57596
57600
57599
57594
57596
57600
57601
57596
57596
57600
57601
57596
57598
57602
57603
57598
57598
57602
57603
57598
57598
57602
57603
57598
57596
57600
57601
57596
57596
57596
57600
57595
57595
57599
57600
57595
57595
57597
57599
57594
57590
57593
57597
57597
57593
57597
57601
57596
57596
57600
57603
57598
57594
57598
57602
57593
57595
57599
57602
57597
57593
57595
57599
57594
57590
57593
57603
57598
57594
57596
57600
57599
57594
57596
57600
57599
57596
57598
57602
57601
57596
57598
57602
57597
57593
57593
57597
57597
57593
57595
57599
57598
57594
57590
57595
57597
57593
57591
57595
57597
57593
57589
57594
57596
57592
57588
57593
57595
57591
57587
57592
57594
57590
57587
57590
57595
57591
57587
57590
57595
57591
57587
57592
57596
57592
57588
57591
57595
57593
57589
57592
57594
57592
57588
57591
57595
57595
57591
57593
57597
57595
57591
57593
57597
57599
57594
57596
57600
57595
57591
57593
57597
57597
57593
57593
57595
57595
57591
57591
57595
57595
57591
57591
57595
57597
57593
57593
57597
57599
57594
57592
57596
57598
57594
57592
57596
57598
57594
57590
57595
57597
57595
57593
57597
57601
57600
57595
57597
57599
57596
57592
57596
57600
57599
57594
57604
57607
57605
57600
57599
57602
57597
57593
57593
57597
57597
57593
57595
57599
57598
57594
57596
57600
57599
57594
57596
57600
57601
57592
57592
57596
57596
57592
57594
57598
57600
57595
57595
57599
57600
57595
57591
57595
57597
57593
57589
57594
57596
57592
57588
57591
57595
57591
57587
57592
57594
57590
57587
57590
57591
57587
57584
57587
57592
57588
57585
57590
57595
57591
57587
57592
57596
57596
57592
57594
57598
57598
57594
57596
57600
57595
57591
57591
57595
57595
57591
57593
57597
57597
57593
57593
57597
57597
57593
57593
57597
57607
57601
57600
57603
57604
57601
57600
57603
57602
57597
57597
57601
57602
57597
57593
57597
57599
57590
57587
57592
57596
57592
57590
57593
57595
57591
57587
57592
57594
57590
57587
57590
57595
57595
57591
57593
57597
57593
57589
57592
57596
57592
57588
57591
57595
57591
57587
57588
57593
57591
57587
57590
57595
57595
57591
57593
57611
57609
57603
57602
57605
57604
57599
57600
57603
57604
57599
57600
57603
57604
57599
57598
57602
57603
57598
57600
57603
57604
57599
57598
57602
57603
57598
57594
57598
57600
57595
57591
57595
57597
57593
57589
57592
57594
57590
57587
57592
57596
57594
57590
57595
57599
57598
57594
57596
57600
57601
57596
57598
57602
57597
57593
57595
57599
57596
57592
57594
57596
57596
57592
57592
57596
57596
57592
57592
57594
57590
57587
57590
57595
57597
57593
57595
57599
57600
57595
57595
57599
57598
57594
57594
57598
57600
57595
57595
57599
57600
57595
57595
57599
57600
57595
57591
57593
57595
57591
57587
57592
57594
57590
57589
57594
57596
57596
57592
57596
57600
57597
57593
57597
57601
57596
57592
57594
57598
57596
57592
57594
57598
57598
57594
57596
57600
57601
57596
57598
57602
57601
57596
57598
57602
57603
57598
57600
57603
57604
57599
57600
57603
57602
57597
57597
57601
57602
57597
57597
57601
57602
57597
57597
57601
57602
57601
57602
57605
57608
57602
57597
57601
57602
57597
57593
57597
57599
57594
57594
57598
57602
57597
57593
57597
57601
57598
57598
57600
57603
57598
57594
57596
57600
57601
57596
57600
57601
57602
57597
57601
57604
57603
57598
57600
57603
57596
57592
57594
57598
57598