3099
3094
3092
3091
3091
3090
3090
3090
3092
3093
3092
3093
3094
3095
3095
3095
3094
3092
3094
3094
3094
3093
3093
3092
3092
3093
3093
3093
3093
3093
3094
3095
3094
3095
3095
3093
3093
3093
3092
3091
3089
3089
3088
3089
3089
3089
3090
3091
3091
3093
3091
3090
3091
3091
3092
3093
3093
3093
3094
3094
3094
3093
3092
3091
3091
3091
3091
3093
3094
3094
3095
3095
3095
3095
3096
3095
3095
3095
3090
3090
3089
3090
3091
3094
3093
3093
3092
3092
3092
3092
3092
3096
3099
3100
3101
3102
3102
3104
3104
3104
3105
3105
3104
3104
3105
3107
3107
3108
3108
3109
3113
3113
3113
3113
3113
3107
3108
3109
3109
3109
3110
3110
3110
3107
3103
3105
3106
3106
3106
3105
3105
3108
3107
3107
3107
3108
3107
3106
3108
3108
3108
3108
3109
3109
3109
3109
3109
3112
3112
3115
3115
3116
3115
3114
3114
3115
3117
3115
3113
3115
3116
3119
3124
3124
3127
3131
5081
7032
8983
10934
12883
14834
16785
18735
20685
22636
24587
26538
28489
30440
32391
34339
36290
38240
40192
42143
44094
46045
47995
49946
51897
53847
55796
57744
59691
61639
63587
65535
65535
65535